time_ind,spatial_ind,n_i,v_i,T_e,n_nI
0,0,1.26479e+17,-1484.81,3.00074,3.62314e+19,6.8793
0,1,2.55745e+17,-1475.94,3.15979,3.78239e+19,6.8793
0,2,2.81005e+17,-1455.6,3.18447,3.78255e+19,6.8793
0,3,3.09268e+17,-1425.03,3.20606,3.78256e+19,6.8793
0,4,3.40893e+17,-1382.47,3.22666,3.78256e+19,6.8793
0,5,3.75951e+17,-1327.92,3.24674,3.78256e+19,6.8793
0,6,4.14444e+17,-1261.39,3.26655,3.78256e+19,6.8793
0,7,4.56295e+17,-1182.9,3.28623,3.78256e+19,6.8793
0,8,5.01336e+17,-1092.44,3.30612,3.78257e+19,6.8793
0,9,5.49308e+17,-990.032,3.32656,3.78257e+19,6.8793
0,10,5.99848e+17,-875.673,3.34791,3.78257e+19,6.8793
0,11,6.52492e+17,-749.374,3.37057,3.78257e+19,6.8793
0,12,7.06675e+17,-611.141,3.39497,3.78256e+19,6.8793
0,13,7.61741e+17,-460.983,3.4216,3.78254e+19,6.8793
0,14,8.16946e+17,-298.907,3.45101,3.78249e+19,6.8793
0,15,8.71482e+17,-124.922,3.48385,3.78233e+19,6.8793
0,16,9.24485e+17,60.9637,3.52085,3.78193e+19,6.8793
0,17,9.75065e+17,258.743,3.56286,3.78087e+19,6.8793
0,18,1.02232e+18,468.409,3.61083,3.77809e+19,6.8793
0,19,1.06539e+18,689.96,3.66587,3.77084e+19,6.8793
0,20,1.10343e+18,923.403,3.72924,3.75205e+19,6.8793
0,21,1.13569e+18,1168.77,3.80243,3.70386e+19,6.8793
0,22,1.16151e+18,1426.15,3.88738,3.58369e+19,6.8793
0,23,1.18036e+18,1695.75,3.98675,3.30408e+19,6.8793
0,24,1.19183e+18,1978,4.10418,2.74634e+19,6.8793
0,25,1.19567e+18,2273.31,4.24298,1.91109e+19,6.8793
0,26,1.19181e+18,2581.42,4.40204,1.07557e+19,6.8793
0,27,1.18034e+18,2901,4.57528,5.1727e+18,6.8793
0,28,1.16152e+18,3231.39,4.76081,2.37225e+18,6.8793
0,29,1.13576e+18,3572.9,4.96212,1.16824e+18,6.8793
0,30,1.10358e+18,3926.04,5.18286,6.85244e+17,6.8793
0,31,1.06564e+18,4291.15,5.42524,4.96905e+17,6.8793
0,32,1.02269e+18,4668.4,5.69037,4.24272e+17,6.8793
0,33,9.75556e+17,5057.94,5.97878,3.96372e+17,6.8793
0,34,9.25116e+17,5459.88,6.29069,3.85662e+17,6.8793
0,35,8.72261e+17,5874.34,6.62626,3.81541e+17,6.8793
0,36,8.17877e+17,6301.45,6.98581,3.79943e+17,6.8793
0,37,7.62821e+17,6741.35,7.37004,3.79309e+17,6.8793
0,38,7.07899e+17,7194.21,7.78045,3.79043e+17,6.8793
0,39,6.53846e+17,7660.2,8.21968,3.78917e+17,6.8793
0,40,6.01315e+17,8139.5,8.69214,3.78845e+17,6.8793
0,41,5.50867e+17,8632.3,9.20458,3.78793e+17,6.8793
0,42,5.0296e+17,9138.78,9.76671,3.7875e+17,6.8793
0,43,4.57956e+17,9659.1,10.3918,3.7871e+17,6.8793
0,44,4.16113e+17,10193.4,11.0968,3.78673e+17,6.8793
0,45,3.77597e+17,10741.8,11.9026,3.78638e+17,6.8793
0,46,3.42487e+17,11304.2,12.8328,3.78605e+17,6.8793
0,47,3.10781e+17,11880.7,13.9119,3.78575e+17,6.8793
0,48,2.82415e+17,12470.9,15.1621,3.78547e+17,6.8793
0,49,2.57263e+17,13074.6,16.5991,3.78522e+17,6.8793
0,50,2.49989e+17,7255.98,22.559,3.78499e+17,6.8793
0,51,2.15417e+17,6819.8,11.7064,3.78246e+17,6.8793
0,52,1.98877e+17,7112.01,11.9162,3.78247e+17,6.8793
0,53,1.84727e+17,7404.07,12.0964,3.78248e+17,6.8793
0,54,1.72724e+17,7695.9,12.2418,3.78248e+17,6.8793
0,55,1.62626e+17,7987.47,12.3471,3.78249e+17,6.8793
0,56,1.54202e+17,8278.71,12.4072,3.78249e+17,6.8793
0,57,1.47232e+17,8569.6,12.419,3.7825e+17,6.8793
0,58,1.41511e+17,8860.14,12.3808,3.7825e+17,6.8793
0,59,1.36854e+17,9150.31,12.2936,3.78251e+17,6.8793
0,60,1.33092e+17,9440.13,12.1606,3.78251e+17,6.8793
0,61,1.30079e+17,9729.62,11.9867,3.78251e+17,6.8793
0,62,1.27683e+17,10018.8,11.7786,3.78252e+17,6.8793
0,63,1.25794e+17,10307.7,11.5434,3.78252e+17,6.8793
0,64,1.24316e+17,10596.4,11.2884,3.78252e+17,6.8793
0,65,1.23169e+17,10885,11.0209,3.78252e+17,6.8793
0,66,1.22285e+17,11173.3,10.7473,3.78252e+17,6.8793
0,67,1.21609e+17,11461.5,10.4733,3.78253e+17,6.8793
0,68,1.21096e+17,11749.6,10.2035,3.78253e+17,6.8793
0,69,1.2071e+17,12037.6,9.94149,3.78253e+17,6.8793
0,70,1.20422e+17,12325.5,9.69017,3.78253e+17,6.8793
0,71,1.20208e+17,12613.4,9.45142,3.78253e+17,6.8793
0,72,1.20051e+17,12901.2,9.22641,3.78253e+17,6.8793
0,73,1.19937e+17,13189,9.01572,3.78253e+17,6.8793
0,74,1.19853e+17,13476.7,8.81942,3.78253e+17,6.8793
0,75,1.19794e+17,13764.5,8.63715,3.78253e+17,6.8793
0,76,1.19751e+17,14052.2,8.4683,3.78253e+17,6.8793
0,77,1.19721e+17,14339.9,8.31205,3.78253e+17,6.8793
0,78,1.19699e+17,14627.6,8.16744,3.78253e+17,6.8793
0,79,1.19684e+17,14915.3,8.03346,3.78253e+17,6.8793
0,80,1.19674e+17,15203.1,7.90908,3.78253e+17,6.8793
0,81,1.19667e+17,15490.8,7.79329,3.78253e+17,6.8793
0,82,1.19662e+17,15778.5,7.68513,3.78253e+17,6.8793
0,83,1.19659e+17,16066.3,7.58374,3.78253e+17,6.8793
0,84,1.19657e+17,16354,7.48831,3.78253e+17,6.8793
0,85,1.19655e+17,16641.8,7.39813,3.78253e+17,6.8793
0,86,1.19654e+17,16929.6,7.3126,3.78253e+17,6.8793
0,87,1.19654e+17,17217.3,7.23119,3.78253e+17,6.8793
0,88,1.19653e+17,17505.1,7.15346,3.78253e+17,6.8793
0,89,1.19653e+17,17793,7.07904,3.78253e+17,6.8793
0,90,1.19653e+17,18080.8,7.00763,3.78253e+17,6.8793
0,91,1.19653e+17,18368.6,6.939,3.78253e+17,6.8793
0,92,1.19653e+17,18656.5,6.87296,3.78253e+17,6.8793
0,93,1.19653e+17,18944.4,6.80936,3.78253e+17,6.8793
0,94,1.19653e+17,19232.3,6.7481,3.78253e+17,6.8793
0,95,1.19653e+17,19520.2,6.68909,3.78253e+17,6.8793
0,96,1.19653e+17,19808.2,6.63227,3.78253e+17,6.8793
0,97,1.19653e+17,20096.2,6.57761,3.78253e+17,6.8793
0,98,1.19653e+17,20384.1,6.52508,3.78253e+17,6.8793
0,99,1.2e+17,20418.6,4.98106,3.78254e+17,6.8793
1,0,1.26479e+17,-1484.81,3.00074,3.62314e+19,7.07713
1,1,2.55672e+17,-1473.42,3.29658,3.78225e+19,7.07713
1,2,2.81182e+17,-1450.49,3.32547,3.78257e+19,7.07713
1,3,3.09425e+17,-1419.29,3.34843,3.78257e+19,7.07713
1,4,3.41014e+17,-1376.12,3.36945,3.78258e+19,7.07713
1,5,3.76017e+17,-1320.97,3.38902,3.78258e+19,7.07713
1,6,4.14433e+17,-1253.86,3.40751,3.78259e+19,7.07713
1,7,4.5618e+17,-1174.8,3.42529,3.78259e+19,7.07713
1,8,5.0109e+17,-1083.8,3.44281,3.7826e+19,7.07713
1,9,5.48899e+17,-980.891,3.46054,3.7826e+19,7.07713
1,10,5.99244e+17,-866.072,3.47895,3.7826e+19,7.07713
1,11,6.51661e+17,-739.361,3.49849,3.78261e+19,7.07713
1,12,7.05587e+17,-600.773,3.51967,3.7826e+19,7.07713
1,13,7.60368e+17,-450.323,3.54302,3.78259e+19,7.07713
1,14,8.15265e+17,-288.029,3.56913,3.78253e+19,7.07713
1,15,8.69474e+17,-113.905,3.59868,3.78238e+19,7.07713
1,16,9.22141e+17,72.0323,3.63243,3.78198e+19,7.07713
1,17,9.72383e+17,269.767,3.67123,3.78092e+19,7.07713
1,18,1.01931e+18,479.287,3.7161,3.77815e+19,7.07713
1,19,1.06207e+18,700.587,3.7682,3.77091e+19,7.07713
1,20,1.09983e+18,933.683,3.82893,3.75213e+19,7.07713
1,21,1.13185e+18,1178.63,3.90013,3.70397e+19,7.07713
1,22,1.15748e+18,1435.62,3.98441,3.58387e+19,7.07713
1,23,1.17618e+18,1705.05,4.0859,3.30443e+19,7.07713
1,24,1.18755e+18,1987.78,4.21065,2.74696e+19,7.07713
1,25,1.19135e+18,2284.72,4.36406,1.912e+19,7.07713
1,26,1.18748e+18,2595.37,4.54195,1.07648e+19,7.07713
1,27,1.1761e+18,2917.03,4.73087,5.1791e+18,7.07713
1,28,1.15747e+18,3248.28,4.92622,2.37589e+18,7.07713
1,29,1.13197e+18,3589.75,5.13428,1.1703e+18,7.07713
1,30,1.10011e+18,3942.44,5.36216,6.86579e+17,7.07713
1,31,1.06255e+18,4307.04,5.61437,4.97937e+17,7.07713
1,32,1.02002e+18,4683.93,5.89368,4.25174e+17,7.07713
1,33,9.73343e+17,5073.38,6.20217,3.9721e+17,7.07713
1,34,9.23376e+17,5475.63,6.54191,3.8646e+17,7.07713
1,35,8.70999e+17,5890.91,6.91547,3.82306e+17,7.07713
1,36,8.17087e+17,6319.47,7.32633,3.80675e+17,7.07713
1,37,7.62484e+17,6761.6,7.7795,3.80008e+17,7.07713
1,38,7.07984e+17,7217.58,8.28212,3.79708e+17,7.07713
1,39,6.54314e+17,7687.74,8.84445,3.79547e+17,7.07713
1,40,6.02118e+17,8172.42,9.48087,3.79438e+17,7.07713
1,41,5.51952e+17,8671.95,10.2111,3.79351e+17,7.07713
1,42,5.04271e+17,9186.66,11.0612,3.79272e+17,7.07713
1,43,4.59434e+17,9716.83,12.0651,3.79199e+17,7.07713
1,44,4.17701e+17,10262.6,13.2641,3.7913e+17,7.07713
1,45,3.79239e+17,10824.2,14.7068,3.79065e+17,7.07713
1,46,3.44132e+17,11401.5,16.4461,3.79006e+17,7.07713
1,47,3.12384e+17,11994,18.5332,3.78951e+17,7.07713
1,48,2.83934e+17,12601.4,21.0085,3.78902e+17,7.07713
1,49,2.5878e+17,13203.3,24.9932,3.78857e+17,7.07713
1,50,2.64156e+17,8002.52,29.1673,3.7887e+17,7.07713
1,51,2.19005e+17,6915.2,13.768,3.78236e+17,7.07713
1,52,1.99479e+17,7139.95,14.1648,3.78237e+17,7.07713
1,53,1.85242e+17,7434.3,14.6466,3.78238e+17,7.07713
1,54,1.7315e+17,7728.25,15.0931,3.78239e+17,7.07713
1,55,1.62965e+17,8021.67,15.4879,3.7824e+17,7.07713
1,56,1.54457e+17,8314.47,15.8166,3.78241e+17,7.07713
1,57,1.47407e+17,8606.59,16.0675,3.78242e+17,7.07713
1,58,1.41613e+17,8897.99,16.2339,3.78242e+17,7.07713
1,59,1.36889e+17,9188.65,16.3142,3.78243e+17,7.07713
1,60,1.33068e+17,9478.6,16.3114,3.78244e+17,7.07713
1,61,1.30001e+17,9767.87,16.2326,3.78245e+17,7.07713
1,62,1.2756e+17,10056.5,16.0875,3.78245e+17,7.07713
1,63,1.25631e+17,10344.6,15.8873,3.78246e+17,7.07713
1,64,1.24119e+17,10632.3,15.6435,3.78246e+17,7.07713
1,65,1.22943e+17,10919.5,15.3669,3.78247e+17,7.07713
1,66,1.22036e+17,11206.4,15.0678,3.78247e+17,7.07713
1,67,1.2134e+17,11492.9,14.7546,3.78248e+17,7.07713
1,68,1.20812e+17,11779.3,14.4346,3.78248e+17,7.07713
1,69,1.20413e+17,12065.4,14.1135,3.78249e+17,7.07713
1,70,1.20115e+17,12351.4,13.7958,3.78249e+17,7.07713
1,71,1.19893e+17,12637.3,13.4847,3.78249e+17,7.07713
1,72,1.1973e+17,12923.1,13.1825,3.7825e+17,7.07713
1,73,1.1961e+17,13208.8,12.8906,3.7825e+17,7.07713
1,74,1.19523e+17,13494.4,12.6097,3.7825e+17,7.07713
1,75,1.1946e+17,13780,12.3401,3.7825e+17,7.07713
1,76,1.19415e+17,14065.6,12.0816,3.78251e+17,7.07713
1,77,1.19383e+17,14351.2,11.8339,3.78251e+17,7.07713
1,78,1.19361e+17,14636.7,11.5964,3.78251e+17,7.07713
1,79,1.19345e+17,14922.3,11.3683,3.78251e+17,7.07713
1,80,1.19334e+17,15207.8,11.149,3.78251e+17,7.07713
1,81,1.19326e+17,15493.4,10.9377,3.78251e+17,7.07713
1,82,1.19321e+17,15778.9,10.7339,3.78251e+17,7.07713
1,83,1.19317e+17,16064.5,10.5368,3.78251e+17,7.07713
1,84,1.19315e+17,16350.1,10.3459,3.78252e+17,7.07713
1,85,1.19313e+17,16635.7,10.1607,3.78252e+17,7.07713
1,86,1.19312e+17,16921.4,9.98086,3.78252e+17,7.07713
1,87,1.19311e+17,17207.1,9.80599,3.78252e+17,7.07713
1,88,1.19311e+17,17492.8,9.63584,3.78252e+17,7.07713
1,89,1.1931e+17,17778.5,9.4702,3.78252e+17,7.07713
1,90,1.1931e+17,18064.2,9.30892,3.78252e+17,7.07713
1,91,1.1931e+17,18350,9.15189,3.78252e+17,7.07713
1,92,1.1931e+17,18635.8,8.99903,3.78252e+17,7.07713
1,93,1.1931e+17,18921.7,8.85031,3.78252e+17,7.07713
1,94,1.1931e+17,19207.6,8.70569,3.78252e+17,7.07713
1,95,1.19309e+17,19493.5,8.56518,3.78252e+17,7.07713
1,96,1.19309e+17,19779.5,8.42878,3.78252e+17,7.07713
1,97,1.19309e+17,20065.5,8.2965,3.78252e+17,7.07713
1,98,1.19298e+17,20360.1,7.09585,3.78252e+17,7.07713
1,99,1.19653e+17,20384.1,4.98106,3.78253e+17,7.07713
2,0,1.26479e+17,-1484.81,3.00074,3.62314e+19,7.28837
2,1,2.55574e+17,-1471.2,3.43339,3.7821e+19,7.28837
2,2,2.81355e+17,-1445.45,3.46631,3.78259e+19,7.28837
2,3,3.0958e+17,-1413.61,3.49064,3.78259e+19,7.28837
2,4,3.41132e+17,-1369.83,3.51221,3.7826e+19,7.28837
2,5,3.7608e+17,-1314.07,3.53155,3.7826e+19,7.28837
2,6,4.14417e+17,-1246.35,3.54913,3.78261e+19,7.28837
2,7,4.5606e+17,-1166.72,3.56545,3.78262e+19,7.28837
2,8,5.00838e+17,-1075.17,3.58109,3.78262e+19,7.28837
2,9,5.48484e+17,-971.74,3.59658,3.78263e+19,7.28837
2,10,5.98635e+17,-856.444,3.61248,3.78264e+19,7.28837
2,11,6.50825e+17,-729.304,3.62933,3.78264e+19,7.28837
2,12,7.04495e+17,-590.342,3.64768,3.78264e+19,7.28837
2,13,7.58992e+17,-439.581,3.66813,3.78263e+19,7.28837
2,14,8.13582e+17,-277.045,3.69129,3.78258e+19,7.28837
2,15,8.67467e+17,-102.757,3.71788,3.78243e+19,7.28837
2,16,9.198e+17,83.2567,3.74867,3.78203e+19,7.28837
2,17,9.69708e+17,280.975,3.78458,3.78098e+19,7.28837
2,18,1.01631e+18,490.379,3.82665,3.77821e+19,7.28837
2,19,1.05876e+18,711.462,3.87613,3.77097e+19,7.28837
2,20,1.09624e+18,944.244,3.9346,3.75221e+19,7.28837
2,21,1.12803e+18,1188.81,4.00425,3.70408e+19,7.28837
2,22,1.15346e+18,1445.43,4.0885,3.58406e+19,7.28837
2,23,1.17202e+18,1714.72,4.19311,3.30477e+19,7.28837
2,24,1.1833e+18,1997.97,4.32681,2.74759e+19,7.28837
2,25,1.18703e+18,2296.66,4.49693,1.91291e+19,7.28837
2,26,1.18313e+18,2610.03,4.69552,1.0774e+19,7.28837
2,27,1.17184e+18,2934.04,4.90186,5.18551e+18,7.28837
2,28,1.15341e+18,3266.42,5.10859,2.37955e+18,7.28837
2,29,1.12818e+18,3608.03,5.32495,1.17237e+18,7.28837
2,30,1.09665e+18,3960.42,5.56164,6.87926e+17,7.28837
2,31,1.05946e+18,4324.62,5.82566,4.9898e+17,7.28837
2,32,1.01735e+18,4701.25,6.12157,4.26087e+17,7.28837
2,33,9.71115e+17,5090.72,6.45316,3.9806e+17,7.28837
2,34,9.21612e+17,5493.36,6.82456,3.87271e+17,7.28837
2,35,8.69706e+17,5909.52,7.24098,3.83084e+17,7.28837
2,36,8.16258e+17,6339.56,7.70945,3.81423e+17,7.28837
2,37,7.621e+17,6783.88,8.23969,3.80724e+17,7.28837
2,38,7.08016e+17,7242.9,8.84517,3.80391e+17,7.28837
2,39,6.54723e+17,7717.07,9.54461,3.80197e+17,7.28837
2,40,6.02858e+17,8206.84,10.3635,3.80056e+17,7.28837
2,41,5.52971e+17,8712.67,11.3359,3.79936e+17,7.28837
2,42,5.05514e+17,9234.95,12.5063,3.79826e+17,7.28837
2,43,4.60843e+17,9774,13.9308,3.79722e+17,7.28837
2,44,4.19221e+17,10330,15.6767,3.79625e+17,7.28837
2,45,3.80816e+17,10902.9,17.8194,3.79535e+17,7.28837
2,46,3.45713e+17,11492.2,20.4336,3.79453e+17,7.28837
2,47,3.13925e+17,12096.7,23.5723,3.79378e+17,7.28837
2,48,2.85434e+17,12708.3,27.5204,3.7931e+17,7.28837
2,49,2.60088e+17,13313,31.5366,3.79258e+17,7.28837
2,50,2.76433e+17,8537.94,18.0517,3.79307e+17,7.28837
2,51,2.24922e+17,7069.2,16.1747,3.78222e+17,7.28837
2,52,2.00435e+17,7175.57,16.7631,3.78223e+17,7.28837
2,53,1.85766e+17,7464.88,17.5688,3.78224e+17,7.28837
2,54,1.73587e+17,7761.13,18.3477,3.78225e+17,7.28837
2,55,1.63315e+17,8056.64,19.0543,3.78226e+17,7.28837
2,56,1.54723e+17,8351.25,19.6632,3.78228e+17,7.28837
2,57,1.47594e+17,8644.84,20.1554,3.78229e+17,7.28837
2,58,1.41727e+17,8937.33,20.52,3.7823e+17,7.28837
2,59,1.36936e+17,9228.7,20.7551,3.78231e+17,7.28837
2,60,1.33055e+17,9518.96,20.866,3.78232e+17,7.28837
2,61,1.29935e+17,9808.18,20.8637,3.78233e+17,7.28837
2,62,1.27447e+17,10096.4,20.7628,3.78234e+17,7.28837
2,63,1.25479e+17,10383.8,20.5793,3.78235e+17,7.28837
2,64,1.23933e+17,10670.5,20.3294,3.78236e+17,7.28837
2,65,1.22728e+17,10956.5,20.0284,3.78237e+17,7.28837
2,66,1.21797e+17,11241.9,19.6896,3.78238e+17,7.28837
2,67,1.21082e+17,11526.9,19.3246,3.78239e+17,7.28837
2,68,1.20537e+17,11811.5,18.943,3.7824e+17,7.28837
2,69,1.20125e+17,12095.9,18.5524,3.7824e+17,7.28837
2,70,1.19816e+17,12379.9,18.1587,3.78241e+17,7.28837
2,71,1.19586e+17,12663.8,17.7663,3.78242e+17,7.28837
2,72,1.19416e+17,12947.5,17.3784,3.78242e+17,7.28837
2,73,1.19291e+17,13231.2,16.9971,3.78243e+17,7.28837
2,74,1.192e+17,13514.7,16.6238,3.78243e+17,7.28837
2,75,1.19134e+17,13798.2,16.2593,3.78244e+17,7.28837
2,76,1.19087e+17,14081.6,15.9039,3.78244e+17,7.28837
2,77,1.19053e+17,14365,15.5575,3.78245e+17,7.28837
2,78,1.19029e+17,14648.3,15.22,3.78245e+17,7.28837
2,79,1.19012e+17,14931.7,14.891,3.78246e+17,7.28837
2,80,1.19e+17,15215.1,14.5702,3.78246e+17,7.28837
2,81,1.18992e+17,15498.4,14.257,3.78246e+17,7.28837
2,82,1.18986e+17,15781.8,13.9511,3.78247e+17,7.28837
2,83,1.18982e+17,16065.2,13.6521,3.78247e+17,7.28837
2,84,1.18979e+17,16348.7,13.3597,3.78247e+17,7.28837
2,85,1.18977e+17,16632.1,13.0737,3.78247e+17,7.28837
2,86,1.18976e+17,16915.6,12.7938,3.78248e+17,7.28837
2,87,1.18974e+17,17199.1,12.5199,3.78248e+17,7.28837
2,88,1.18974e+17,17482.7,12.2519,3.78248e+17,7.28837
2,89,1.18973e+17,17766.3,11.9898,3.78248e+17,7.28837
2,90,1.18973e+17,18049.9,11.7335,3.78248e+17,7.28837
2,91,1.18972e+17,18333.6,11.4831,3.78249e+17,7.28837
2,92,1.18972e+17,18617.3,11.2386,3.78249e+17,7.28837
2,93,1.18972e+17,18901.1,11.0001,3.78249e+17,7.28837
2,94,1.18971e+17,19185,10.7676,3.78249e+17,7.28837
2,95,1.18971e+17,19468.9,10.5411,3.78249e+17,7.28837
2,96,1.18971e+17,19752.8,10.3208,3.78249e+17,7.28837
2,97,1.18963e+17,20043.1,9.30108,3.7825e+17,7.28837
2,98,1.18944e+17,20341.1,7.3382,3.78251e+17,7.28837
2,99,1.19298e+17,20360.1,4.98106,3.78252e+17,7.28837
3,0,1.26479e+17,-1484.81,3.00074,3.62314e+19,6.93441
3,1,2.55451e+17,-1469.68,3.54264,3.78196e+19,6.93441
3,2,2.81525e+17,-1440.93,3.57977,3.7826e+19,6.93441
3,3,3.09733e+17,-1408.48,3.60566,3.78261e+19,6.93441
3,4,3.41248e+17,-1364.1,3.62824,3.78262e+19,6.93441
3,5,3.76139e+17,-1307.76,3.64806,3.78262e+19,6.93441
3,6,4.14397e+17,-1239.47,3.66562,3.78263e+19,6.93441
3,7,4.55936e+17,-1159.28,3.68148,3.78264e+19,6.93441
3,8,5.00581e+17,-1067.21,3.69625,3.78265e+19,6.93441
3,9,5.48064e+17,-963.288,3.71053,3.78266e+19,6.93441
3,10,5.9802e+17,-847.539,3.72492,3.78267e+19,6.93441
3,11,6.49985e+17,-719.993,3.74001,3.78268e+19,6.93441
3,12,7.03399e+17,-580.68,3.75641,3.78268e+19,6.93441
3,13,7.57613e+17,-429.631,3.77474,3.78267e+19,6.93441
3,14,8.11898e+17,-266.878,3.79566,3.78262e+19,6.93441
3,15,8.65461e+17,-92.452,3.81991,3.78248e+19,6.93441
3,16,9.17464e+17,93.6133,3.84831,3.78208e+19,6.93441
3,17,9.6704e+17,291.288,3.8818,3.78103e+19,6.93441
3,18,1.01332e+18,500.547,3.92146,3.77826e+19,6.93441
3,19,1.05547e+18,721.379,3.96864,3.77104e+19,6.93441
3,20,1.09268e+18,953.808,4.02508,3.75229e+19,6.93441
3,21,1.12422e+18,1197.94,4.09333,3.70419e+19,6.93441
3,22,1.14947e+18,1454.11,4.17758,3.58424e+19,6.93441
3,23,1.16789e+18,1723.13,4.2851,3.30512e+19,6.93441
3,24,1.17907e+18,2006.72,4.42703,2.74821e+19,6.93441
3,25,1.18272e+18,2306.83,4.6113,1.91381e+19,6.93441
3,26,1.17877e+18,2622.58,4.82675,1.07831e+19,6.93441
3,27,1.16756e+18,2948.69,5.0468,5.19193e+18,6.93441
3,28,1.14933e+18,3282,5.26215,2.38322e+18,6.93441
3,29,1.12438e+18,3623.58,5.48458,1.17445e+18,6.93441
3,30,1.09318e+18,3975.45,5.72783,6.89286e+17,6.93441
3,31,1.05636e+18,4339.01,6.00097,5.00036e+17,6.93441
3,32,1.01466e+18,4715.07,6.31008,4.27013e+17,6.93441
3,33,9.68871e+17,5104.17,6.66044,3.98924e+17,6.93441
3,34,9.19825e+17,5506.76,7.05796,3.88096e+17,6.93441
3,35,8.68382e+17,5923.25,7.51017,3.83878e+17,6.93441
3,36,8.1539e+17,6354.12,8.02721,3.82187e+17,6.93441
3,37,7.6167e+17,6799.85,8.62299,3.81459e+17,6.93441
3,38,7.07995e+17,7260.96,9.3167,3.81096e+17,6.93441
3,39,6.55075e+17,7737.98,10.1346,3.80871e+17,6.93441
3,40,6.03537e+17,8231.44,11.1124,3.80699e+17,6.93441
3,41,5.53927e+17,8741.84,12.2972,3.80549e+17,6.93441
3,42,5.06693e+17,9269.6,13.7499,3.8041e+17,6.93441
3,43,4.6219e+17,9814.97,15.5457,3.80281e+17,6.93441
3,44,4.20679e+17,10377.9,17.7715,3.80159e+17,6.93441
3,45,3.82333e+17,10957.9,20.5143,3.80047e+17,6.93441
3,46,3.47239e+17,11553.3,23.8252,3.79945e+17,6.93441
3,47,3.15427e+17,12157.3,27.6519,3.79852e+17,6.93441
3,48,2.86844e+17,12735.6,30.3682,3.79771e+17,6.93441
3,49,2.60777e+17,14054.7,49.0494,3.79703e+17,6.93441
3,50,2.88464e+17,9187.49,25.3774,3.79681e+17,6.93441
3,51,2.31922e+17,7242.12,18.5715,3.78203e+17,6.93441
3,52,2.0199e+17,7221.24,19.3494,3.78204e+17,6.93441
3,53,1.86339e+17,7492.53,20.4344,3.78205e+17,6.93441
3,54,1.74033e+17,7790.11,21.5142,3.78207e+17,6.93441
3,55,1.63675e+17,8087.74,22.4944,3.78208e+17,6.93441
3,56,1.55e+17,8384.22,23.3377,3.78209e+17,6.93441
3,57,1.47792e+17,8679.35,24.0202,3.7821e+17,6.93441
3,58,1.41852e+17,8973.02,24.5306,3.78212e+17,6.93441
3,59,1.36994e+17,9265.17,24.8696,3.78213e+17,6.93441
3,60,1.33053e+17,9555.81,25.0473,3.78215e+17,6.93441
3,61,1.29881e+17,9845.03,25.0803,3.78216e+17,6.93441
3,62,1.27346e+17,10132.9,24.9888,3.78217e+17,6.93441
3,63,1.25338e+17,10419.7,24.794,3.78219e+17,6.93441
3,64,1.23757e+17,10705.4,24.5165,3.7822e+17,6.93441
3,65,1.22524e+17,10990.2,24.1749,3.78222e+17,6.93441
3,66,1.21568e+17,11274.3,23.7855,3.78223e+17,6.93441
3,67,1.20833e+17,11557.7,23.3619,3.78225e+17,6.93441
3,68,1.20272e+17,11840.7,22.9152,3.78226e+17,6.93441
3,69,1.19847e+17,12123.3,22.4544,3.78227e+17,6.93441
3,70,1.19527e+17,12405.5,21.9863,3.78228e+17,6.93441
3,71,1.19288e+17,12687.5,21.516,3.78229e+17,6.93441
3,72,1.19111e+17,12969.2,21.0473,3.7823e+17,6.93441
3,73,1.18981e+17,13250.9,20.5827,3.78231e+17,6.93441
3,74,1.18885e+17,13532.4,20.1241,3.78232e+17,6.93441
3,75,1.18816e+17,13813.8,19.6725,3.78233e+17,6.93441
3,76,1.18766e+17,14095.1,19.2286,3.78234e+17,6.93441
3,77,1.1873e+17,14376.4,18.7926,3.78235e+17,6.93441
3,78,1.18705e+17,14657.7,18.3647,3.78236e+17,6.93441
3,79,1.18686e+17,14939,17.9447,3.78236e+17,6.93441
3,80,1.18673e+17,15220.2,17.5325,3.78237e+17,6.93441
3,81,1.18664e+17,15501.5,17.128,3.78238e+17,6.93441
3,82,1.18658e+17,15782.8,16.7308,3.78238e+17,6.93441
3,83,1.18653e+17,16064.1,16.3409,3.78239e+17,6.93441
3,84,1.1865e+17,16345.4,15.9582,3.7824e+17,6.93441
3,85,1.18647e+17,16626.8,15.5826,3.7824e+17,6.93441
3,86,1.18645e+17,16908.2,15.214,3.78241e+17,6.93441
3,87,1.18644e+17,17189.6,14.8526,3.78241e+17,6.93441
3,88,1.18643e+17,17471.1,14.4982,3.78242e+17,6.93441
3,89,1.18642e+17,17752.6,14.1511,3.78242e+17,6.93441
3,90,1.18641e+17,18034.2,13.8112,3.78243e+17,6.93441
3,91,1.1864e+17,18315.9,13.4788,3.78243e+17,6.93441
3,92,1.1864e+17,18597.6,13.1539,3.78243e+17,6.93441
3,93,1.18639e+17,18879.4,12.8367,3.78244e+17,6.93441
3,94,1.18639e+17,19161.3,12.5273,3.78244e+17,6.93441
3,95,1.18638e+17,19443.2,12.2258,3.78245e+17,6.93441
3,96,1.18631e+17,19729.9,11.3598,3.78245e+17,6.93441
3,97,1.18616e+17,20023.8,9.60073,3.78246e+17,6.93441
3,98,1.18592e+17,20322.4,7.29402,3.78249e+17,6.93441
3,99,1.18944e+17,20341.1,4.98106,3.78251e+17,6.93441
4,0,1.26479e+17,-1484.81,3.00074,3.62314e+19,9.46351
4,1,2.5531e+17,-1466.71,3.78096,3.78182e+19,9.46351
4,2,2.81692e+17,-1434.65,3.82144,3.78262e+19,9.46351
4,3,3.09884e+17,-1401.41,3.84814,3.78263e+19,9.46351
4,4,3.41361e+17,-1356.3,3.87033,3.78263e+19,9.46351
4,5,3.76195e+17,-1299.22,3.88876,3.78264e+19,9.46351
4,6,4.14374e+17,-1230.21,3.90412,3.78266e+19,9.46351
4,7,4.55807e+17,-1149.31,3.91718,3.78267e+19,9.46351
4,8,5.00319e+17,-1056.55,3.92868,3.78268e+19,9.46351
4,9,5.47639e+17,-951.967,3.93939,3.78269e+19,9.46351
4,10,5.974e+17,-835.593,3.95004,3.7827e+19,9.46351
4,11,6.4914e+17,-707.464,3.96133,3.78272e+19,9.46351
4,12,7.02299e+17,-567.615,3.97395,3.78272e+19,9.46351
4,13,7.56231e+17,-416.082,3.98861,3.78271e+19,9.46351
4,14,8.10212e+17,-252.905,4.00604,3.78267e+19,9.46351
4,15,8.63456e+17,-78.1204,4.02703,3.78253e+19,9.46351
4,16,9.1513e+17,108.232,4.05247,3.78213e+19,9.46351
4,17,9.64378e+17,306.116,4.08335,3.78108e+19,9.46351
4,18,1.01034e+18,515.503,4.12087,3.77832e+19,9.46351
4,19,1.05219e+18,736.382,4.16652,3.77111e+19,9.46351
4,20,1.08913e+18,968.786,4.2224,3.75237e+19,9.46351
4,21,1.12044e+18,1212.86,4.2918,3.7043e+19,9.46351
4,22,1.1455e+18,1469.04,4.38054,3.58442e+19,9.46351
4,23,1.16379e+18,1738.48,4.49995,3.30546e+19,9.46351
4,24,1.17486e+18,2023.46,4.66538,2.74884e+19,9.46351
4,25,1.17842e+18,2326.74,4.88832,1.91472e+19,9.46351
4,26,1.1744e+18,2647.31,5.15218,1.07922e+19,9.46351
4,27,1.16326e+18,2977.99,5.4166,5.19836e+18,9.46351
4,28,1.14524e+18,3314.33,5.66603,2.3869e+18,9.46351
4,29,1.12058e+18,3657.6,5.91725,1.17654e+18,9.46351
4,30,1.08971e+18,4010.56,6.191,6.90655e+17,9.46351
4,31,1.05327e+18,4375.11,6.50135,5.01102e+17,9.46351
4,32,1.01197e+18,4752.38,6.85826,4.2795e+17,9.46351
4,33,9.66612e+17,5143.09,7.27073,3.99798e+17,9.46351
4,34,9.18017e+17,5547.81,7.74905,3.88932e+17,9.46351
4,35,8.67029e+17,5967.11,8.30632,3.84684e+17,9.46351
4,36,8.14486e+17,6401.56,8.95996,3.82965e+17,9.46351
4,37,7.61198e+17,6851.76,9.73352,3.82208e+17,9.46351
4,38,7.07927e+17,7318.35,10.659,3.81816e+17,9.46351
4,39,6.55374e+17,7801.97,11.7792,3.81563e+17,9.46351
4,40,6.04161e+17,8303.21,13.1514,3.81362e+17,9.46351
4,41,5.54825e+17,8822.62,14.8495,3.81185e+17,9.46351
4,42,5.07813e+17,9360.53,16.9663,3.81021e+17,9.46351
4,43,4.63478e+17,9916.96,19.6104,3.80867e+17,9.46351
4,44,4.22082e+17,10491.2,22.8899,3.80724e+17,9.46351
4,45,3.83796e+17,11081.1,26.8535,3.80592e+17,9.46351
4,46,3.48716e+17,11678.7,31.2532,3.80472e+17,9.46351
4,47,3.16831e+17,12243.4,33.0723,3.80362e+17,9.46351
4,48,2.88837e+17,11988.5,24.2003,3.80254e+17,9.46351
4,49,2.59185e+17,14417.9,53.836,3.80245e+17,9.46351
4,50,3.00262e+17,9930.15,34.8203,3.8013e+17,9.46351
4,51,2.40701e+17,7474.78,22.9123,3.78179e+17,9.46351
4,52,2.04206e+17,7299.18,24.3131,3.7818e+17,9.46351
4,53,1.87026e+17,7540.5,25.9883,3.78182e+17,9.46351
4,54,1.74494e+17,7838.26,27.6627,3.78183e+17,9.46351
4,55,1.64046e+17,8139.31,29.1919,3.78184e+17,9.46351
4,56,1.55288e+17,8438.99,30.515,3.78186e+17,9.46351
4,57,1.48002e+17,8736.85,31.5991,3.78187e+17,9.46351
4,58,1.41989e+17,9032.71,32.4312,3.78189e+17,9.46351
4,59,1.37064e+17,9326.46,33.0154,3.78191e+17,9.46351
4,60,1.33063e+17,9618.13,33.3686,3.78193e+17,9.46351
4,61,1.29837e+17,9907.81,33.516,3.78194e+17,9.46351
4,62,1.27256e+17,10195.7,33.4865,3.78196e+17,9.46351
4,63,1.25207e+17,10481.9,33.3096,3.78198e+17,9.46351
4,64,1.23592e+17,10766.8,33.0132,3.782e+17,9.46351
4,65,1.22329e+17,11050.4,32.6224,3.78202e+17,9.46351
4,66,1.21349e+17,11333,32.1589,3.78204e+17,9.46351
4,67,1.20593e+17,11614.8,31.6409,3.78206e+17,9.46351
4,68,1.20015e+17,11895.9,31.0833,3.78208e+17,9.46351
4,69,1.19577e+17,12176.4,30.498,3.7821e+17,9.46351
4,70,1.19246e+17,12456.5,29.8941,3.78211e+17,9.46351
4,71,1.18998e+17,12736.3,29.2789,3.78213e+17,9.46351
4,72,1.18814e+17,13015.7,28.6577,3.78215e+17,9.46351
4,73,1.18678e+17,13295,28.0344,3.78216e+17,9.46351
4,74,1.18578e+17,13574,27.4119,3.78218e+17,9.46351
4,75,1.18506e+17,13853,26.7923,3.78219e+17,9.46351
4,76,1.18453e+17,14131.8,26.1769,3.7822e+17,9.46351
4,77,1.18415e+17,14410.6,25.5667,3.78222e+17,9.46351
4,78,1.18387e+17,14689.4,24.9625,3.78223e+17,9.46351
4,79,1.18368e+17,14968.1,24.3648,3.78224e+17,9.46351
4,80,1.18354e+17,15246.8,23.7738,3.78225e+17,9.46351
4,81,1.18344e+17,15525.5,23.1898,3.78226e+17,9.46351
4,82,1.18336e+17,15804.2,22.6133,3.78227e+17,9.46351
4,83,1.18331e+17,16082.9,22.0443,3.78228e+17,9.46351
4,84,1.18327e+17,16361.7,21.4832,3.78229e+17,9.46351
4,85,1.18324e+17,16640.5,20.9302,3.7823e+17,9.46351
4,86,1.18321e+17,16919.3,20.3856,3.78231e+17,9.46351
4,87,1.1832e+17,17198.2,19.8498,3.78232e+17,9.46351
4,88,1.18318e+17,17477.1,19.323,3.78233e+17,9.46351
4,89,1.18317e+17,17756.1,18.8057,3.78234e+17,9.46351
4,90,1.18315e+17,18035.2,18.298,3.78235e+17,9.46351
4,91,1.18314e+17,18314.3,17.8003,3.78235e+17,9.46351
4,92,1.18313e+17,18593.6,17.313,3.78236e+17,9.46351
4,93,1.18312e+17,18872.9,16.8363,3.78237e+17,9.46351
4,94,1.18311e+17,19152.3,16.3705,3.78238e+17,9.46351
4,95,1.18307e+17,19435.4,15.3157,3.78238e+17,9.46351
4,96,1.18293e+17,19725,13.3605,3.7824e+17,9.46351
4,97,1.18271e+17,20019.8,10.8827,3.78242e+17,9.46351
4,98,1.18245e+17,20316.1,8.42698,3.78247e+17,9.46351
4,99,1.18592e+17,20322.4,4.98106,3.78249e+17,9.46351
5,0,1.26479e+17,-1484.81,3.00074,3.62314e+19,6.26447
5,1,2.55131e+17,-1466.71,3.839,3.78167e+19,6.26447
5,2,2.81854e+17,-1431.18,3.88524,3.78263e+19,6.26447
5,3,3.10034e+17,-1397.34,3.91391,3.78264e+19,6.26447
5,4,3.41472e+17,-1351.7,3.938,3.78265e+19,6.26447
5,5,3.76248e+17,-1294.09,3.95821,3.78267e+19,6.26447
5,6,4.14347e+17,-1224.57,3.97513,3.78268e+19,6.26447
5,7,4.55675e+17,-1143.16,3.98945,3.78269e+19,6.26447
5,8,5.00053e+17,-1049.93,4.00189,3.78271e+19,6.26447
5,9,5.47209e+17,-944.904,4.01318,3.78272e+19,6.26447
5,10,5.96776e+17,-828.127,4.02405,3.78274e+19,6.26447
5,11,6.4829e+17,-699.64,4.03522,3.78275e+19,6.26447
5,12,7.01195e+17,-559.489,4.04742,3.78276e+19,6.26447
5,13,7.54847e+17,-407.719,4.06136,3.78276e+19,6.26447
5,14,8.08526e+17,-244.376,4.07782,3.78271e+19,6.26447
5,15,8.61452e+17,-69.507,4.09761,3.78258e+19,6.26447
5,16,9.128e+17,116.84,4.12164,3.78218e+19,6.26447
5,17,9.61723e+17,314.62,4.15095,3.78114e+19,6.26447
5,18,1.00737e+18,523.797,4.1868,3.77838e+19,6.26447
5,19,1.04892e+18,744.352,4.23076,3.77117e+19,6.26447
5,20,1.0856e+18,976.335,4.28527,3.75245e+19,6.26447
5,21,1.1167e+18,1219.88,4.35385,3.7044e+19,6.26447
5,22,1.14159e+18,1475.45,4.44306,3.5846e+19,6.26447
5,23,1.15975e+18,1744.34,4.56531,3.3058e+19,6.26447
5,24,1.1707e+18,2029.14,4.73718,2.74945e+19,6.26447
5,25,1.17412e+18,2333.17,4.96979,1.91562e+19,6.26447
5,26,1.16999e+18,2655.42,5.24355,1.08013e+19,6.26447
5,27,1.1589e+18,2987.7,5.51497,5.2048e+18,6.26447
5,28,1.14112e+18,3324.65,5.7682,2.3906e+18,6.26447
5,29,1.11675e+18,3667.55,6.02173,1.17866e+18,6.26447
5,30,1.08622e+18,4019.57,6.29827,6.92053e+17,6.26447
5,31,1.05015e+18,4382.95,6.61331,5.02198e+17,6.26447
5,32,1.00925e+18,4759,6.97782,4.28918e+17,6.26447
5,33,9.64321e+17,5148.55,7.40189,4.00705e+17,6.26447
5,34,9.16168e+17,5552.27,7.89713,3.89802e+17,6.26447
5,35,8.65629e+17,5970.76,8.4784,3.85527e+17,6.26447
5,36,8.13528e+17,6404.64,9.16552,3.83781e+17,6.26447
5,37,7.60666e+17,6854.55,9.98538,3.82999e+17,6.26447
5,38,7.07794e+17,7321.16,10.9744,3.82581e+17,6.26447
5,39,6.55605e+17,7805.1,12.1816,3.82302e+17,6.26447
5,40,6.04713e+17,8306.94,13.6717,3.82076e+17,6.26447
5,41,5.55652e+17,8827.09,15.5275,3.81875e+17,6.26447
5,42,5.08863e+17,9365.67,17.8484,3.81689e+17,6.26447
5,43,4.64698e+17,9922.14,20.7348,3.81515e+17,6.26447
5,44,4.23415e+17,10494.1,24.2094,3.81354e+17,6.26447
5,45,3.85181e+17,11068.3,27.5564,3.81205e+17,6.26447
5,46,3.49979e+17,12256.8,44.595,3.81066e+17,6.26447
5,47,3.17871e+17,12475.5,37.8453,3.80915e+17,6.26447
5,48,2.94094e+17,12049.7,33.8458,3.80695e+17,6.26447
5,49,2.54688e+17,14354,52.791,3.80807e+17,6.26447
5,50,3.09854e+17,10650.7,40.6009,3.80666e+17,6.26447
5,51,2.51528e+17,7743.31,25.6978,3.78145e+17,6.26447
5,52,2.07227e+17,7376.07,27.0869,3.78148e+17,6.26447
5,53,1.87892e+17,7568.21,28.9159,3.78149e+17,6.26447
5,54,1.74982e+17,7860.25,30.8113,3.7815e+17,6.26447
5,55,1.64427e+17,8163.09,32.5302,3.78152e+17,6.26447
5,56,1.55587e+17,8464.97,33.9886,3.78153e+17,6.26447
5,57,1.48223e+17,8764.71,35.1539,3.78155e+17,6.26447
5,58,1.42138e+17,9062,36.0204,3.78157e+17,6.26447
5,59,1.37147e+17,9356.72,36.6013,3.7816e+17,6.26447
5,60,1.33086e+17,9648.9,36.9234,3.78162e+17,6.26447
5,61,1.29807e+17,9938.66,37.0203,3.78165e+17,6.26447
5,62,1.2718e+17,10226.2,36.9278,3.78167e+17,6.26447
5,63,1.2509e+17,10511.8,36.6807,3.7817e+17,6.26447
5,64,1.2344e+17,10795.8,36.3102,3.78173e+17,6.26447
5,65,1.22148e+17,11078.3,35.8439,3.78175e+17,6.26447
5,66,1.21143e+17,11359.6,35.3046,3.78178e+17,6.26447
5,67,1.20367e+17,11639.9,34.7112,3.7818e+17,6.26447
5,68,1.19772e+17,11919.5,34.0787,3.78183e+17,6.26447
5,69,1.19319e+17,12198.4,33.4191,3.78185e+17,6.26447
5,70,1.18977e+17,12476.7,32.7414,3.78187e+17,6.26447
5,71,1.1872e+17,12754.7,32.0526,3.7819e+17,6.26447
5,72,1.18529e+17,13032.4,31.3579,3.78192e+17,6.26447
5,73,1.18387e+17,13309.7,30.6612,3.78194e+17,6.26447
5,74,1.18283e+17,13586.9,29.9653,3.78196e+17,6.26447
5,75,1.18207e+17,13864,29.2721,3.78198e+17,6.26447
5,76,1.18151e+17,14140.9,28.5833,3.782e+17,6.26447
5,77,1.1811e+17,14417.8,27.8997,3.78201e+17,6.26447
5,78,1.18081e+17,14694.6,27.2222,3.78203e+17,6.26447
5,79,1.1806e+17,14971.4,26.5514,3.78205e+17,6.26447
5,80,1.18044e+17,15248.1,25.8878,3.78207e+17,6.26447
5,81,1.18033e+17,15524.9,25.2318,3.78208e+17,6.26447
5,82,1.18025e+17,15801.6,24.5837,3.7821e+17,6.26447
5,83,1.18019e+17,16078.4,23.944,3.78212e+17,6.26447
5,84,1.18014e+17,16355.2,23.313,3.78213e+17,6.26447
5,85,1.1801e+17,16632.1,22.6912,3.78215e+17,6.26447
5,86,1.18007e+17,16909,22.0789,3.78216e+17,6.26447
5,87,1.18004e+17,17185.9,21.4765,3.78218e+17,6.26447
5,88,1.18002e+17,17463,20.8844,3.78219e+17,6.26447
5,89,1.18e+17,17740.1,20.3031,3.7822e+17,6.26447
5,90,1.17998e+17,18017.2,19.7328,3.78222e+17,6.26447
5,91,1.17996e+17,18294.5,19.1741,3.78223e+17,6.26447
5,92,1.17995e+17,18571.8,18.6272,3.78224e+17,6.26447
5,93,1.17993e+17,18849.3,18.0924,3.78226e+17,6.26447
5,94,1.17987e+17,19130.3,17.1896,3.78227e+17,6.26447
5,95,1.17975e+17,19417.1,15.5077,3.78229e+17,6.26447
5,96,1.17956e+17,19708.4,13.1713,3.78232e+17,6.26447
5,97,1.17932e+17,20001.6,10.6583,3.78237e+17,6.26447
5,98,1.17894e+17,20301.5,7.53736,3.78244e+17,6.26447
5,99,1.18245e+17,20316.1,4.98106,3.78247e+17,6.26447
6,0,1.26479e+17,-1484.81,3.00074,3.62314e+19,7.21483
6,1,2.54943e+17,-1466.25,3.93091,3.78153e+19,7.21483
6,2,2.82012e+17,-1427.13,3.98234,3.78265e+19,7.21483
6,3,3.10181e+17,-1392.62,4.01301,3.78266e+19,7.21483
6,4,3.41581e+17,-1346.39,4.03885,3.78267e+19,7.21483
6,5,3.76299e+17,-1288.21,4.06056,3.78269e+19,7.21483
6,6,4.14317e+17,-1218.11,4.0787,3.7827e+19,7.21483
6,7,4.55538e+17,-1136.16,4.09391,3.78272e+19,7.21483
6,8,4.99782e+17,-1042.39,4.10689,3.78273e+19,7.21483
6,9,5.46774e+17,-936.86,4.11838,3.78275e+19,7.21483
6,10,5.96147e+17,-819.616,4.12913,3.78277e+19,7.21483
6,11,6.47436e+17,-690.706,4.13988,3.78279e+19,7.21483
6,12,7.00087e+17,-550.184,4.15139,3.7828e+19,7.21483
6,13,7.5346e+17,-398.102,4.16441,3.7828e+19,7.21483
6,14,8.06839e+17,-234.514,4.17976,3.78276e+19,7.21483
6,15,8.5945e+17,-59.4764,4.19827,3.78262e+19,7.21483
6,16,9.10475e+17,126.957,4.22091,3.78223e+19,7.21483
6,17,9.59075e+17,324.732,4.24876,3.78119e+19,7.21483
6,18,1.00441e+18,533.813,4.28322,3.77844e+19,7.21483
6,19,1.04568e+18,754.182,4.32607,3.77123e+19,7.21483
6,20,1.08211e+18,985.874,4.37984,3.75252e+19,7.21483
6,21,1.11299e+18,1229.03,4.44856,3.70451e+19,7.21483
6,22,1.13771e+18,1484.17,4.53987,3.58478e+19,7.21483
6,23,1.15574e+18,1752.73,4.66775,3.30613e+19,7.21483
6,24,1.16657e+18,2037.76,4.85075,2.75007e+19,7.21483
6,25,1.16984e+18,2343.18,5.10008,1.91652e+19,7.21483
6,26,1.16558e+18,2668.06,5.3924,1.08104e+19,7.21483
6,27,1.15454e+18,3002.92,5.67908,5.21124e+18,7.21483
6,28,1.13699e+18,3341.29,5.94277,2.3943e+18,7.21483
6,29,1.11293e+18,3684.51,6.20448,1.18078e+18,7.21483
6,30,1.08274e+18,4036.21,6.49007,6.93456e+17,7.21483
6,31,1.04703e+18,4399.04,6.81721,5.03299e+17,7.21483
6,32,1.00654e+18,4774.53,7.1986,4.29891e+17,7.21483
6,33,9.62026e+17,5163.66,7.64605,4.01617e+17,7.21483
6,34,9.1431e+17,5567.16,8.17322,3.90678e+17,7.21483
6,35,8.64212e+17,5985.71,8.79775,3.86375e+17,7.21483
6,36,8.12548e+17,6419.99,9.54317,3.84604e+17,7.21483
6,37,7.60105e+17,6870.66,10.4414,3.83797e+17,7.21483
6,38,7.07628e+17,7338.42,11.5355,3.83355e+17,7.21483
6,39,6.55799e+17,7823.88,12.8834,3.83052e+17,7.21483
6,40,6.05227e+17,8327.55,14.5603,3.82803e+17,7.21483
6,41,5.56439e+17,8849.7,16.6606,3.8258e+17,7.21483
6,42,5.09872e+17,9390.15,19.2881,3.82373e+17,7.21483
6,43,4.65873e+17,9947.72,22.5092,3.8218e+17,7.21483
6,44,4.24661e+17,10519.7,26.0564,3.82e+17,7.21483
6,45,3.87429e+17,11010.1,30.7791,3.81826e+17,7.21483
6,46,3.48181e+17,12296.7,47.8179,3.81762e+17,7.21483
6,47,3.20687e+17,12730.2,43.5112,3.81503e+17,7.21483
6,48,2.98655e+17,12338.4,49.3093,3.81213e+17,7.21483
6,49,2.52621e+17,14415.5,54.9515,3.81353e+17,7.21483
6,50,3.15194e+17,11279.6,45.4211,3.81257e+17,7.21483
6,51,2.63932e+17,8058.33,29.2551,3.78105e+17,7.21483
6,52,2.11251e+17,7486.58,30.8307,3.7811e+17,7.21483
6,53,1.89019e+17,7610.39,32.8817,3.78113e+17,7.21483
6,54,1.75514e+17,7890.79,35.0577,3.78114e+17,7.21483
6,55,1.6482e+17,8195.03,37.021,3.78115e+17,7.21483
6,56,1.55895e+17,8499.73,38.6569,3.78117e+17,7.21483
6,57,1.48454e+17,8801.93,39.934,3.7812e+17,7.21483
6,58,1.42296e+17,9101.13,40.8558,3.78122e+17,7.21483
6,59,1.37239e+17,9397.17,41.4478,3.78125e+17,7.21483
6,60,1.33119e+17,9690.09,41.7477,3.78129e+17,7.21483
6,61,1.29787e+17,9980.09,41.7989,3.78132e+17,7.21483
6,62,1.27112e+17,10267.4,41.6445,3.78135e+17,7.21483
6,63,1.24982e+17,10552.4,41.3245,3.78139e+17,7.21483
6,64,1.23297e+17,10835.5,40.8742,3.78142e+17,7.21483
6,65,1.21975e+17,11116.8,40.3233,3.78145e+17,7.21483
6,66,1.20944e+17,11396.7,39.6963,3.78149e+17,7.21483
6,67,1.20147e+17,11675.5,39.0129,3.78152e+17,7.21483
6,68,1.19535e+17,11953.4,38.2887,3.78155e+17,7.21483
6,69,1.19069e+17,12230.5,37.5359,3.78158e+17,7.21483
6,70,1.18715e+17,12507,36.7638,3.78161e+17,7.21483
6,71,1.18449e+17,12783.1,35.9796,3.78164e+17,7.21483
6,72,1.1825e+17,13058.8,35.1884,3.78166e+17,7.21483
6,73,1.18102e+17,13334.2,34.3943,3.78169e+17,7.21483
6,74,1.17993e+17,13609.3,33.6002,3.78172e+17,7.21483
6,75,1.17913e+17,13884.3,32.8083,3.78174e+17,7.21483
6,76,1.17854e+17,14159.2,32.0201,3.78177e+17,7.21483
6,77,1.17811e+17,14434,31.2371,3.78179e+17,7.21483
6,78,1.1778e+17,14708.7,30.46,3.78182e+17,7.21483
6,79,1.17757e+17,14983.3,29.6897,3.78184e+17,7.21483
6,80,1.1774e+17,15258,28.927,3.78186e+17,7.21483
6,81,1.17728e+17,15532.6,28.1723,3.78189e+17,7.21483
6,82,1.17719e+17,15807.2,27.4263,3.78191e+17,7.21483
6,83,1.17712e+17,16081.9,26.6895,3.78193e+17,7.21483
6,84,1.17706e+17,16356.6,25.9625,3.78195e+17,7.21483
6,85,1.17701e+17,16631.3,25.2458,3.78197e+17,7.21483
6,86,1.17697e+17,16906.1,24.54,3.782e+17,7.21483
6,87,1.17694e+17,17181,23.8455,3.78202e+17,7.21483
6,88,1.17691e+17,17455.9,23.163,3.78204e+17,7.21483
6,89,1.17688e+17,17730.9,22.4928,3.78206e+17,7.21483
6,90,1.17686e+17,18006,21.8355,3.78208e+17,7.21483
6,91,1.17683e+17,18281.2,21.1915,3.78209e+17,7.21483
6,92,1.17681e+17,18556.4,20.5613,3.78211e+17,7.21483
6,93,1.17676e+17,18834.1,19.6545,3.78213e+17,7.21483
6,94,1.17662e+17,19117.7,18.071,3.78215e+17,7.21483
6,95,1.17644e+17,19406.6,15.811,3.78219e+17,7.21483
6,96,1.17622e+17,19697.4,13.265,3.78225e+17,7.21483
6,97,1.17591e+17,19992.4,10.2208,3.78233e+17,7.21483
6,98,1.17554e+17,20287.2,7.45399,3.78242e+17,7.21483
6,99,1.17894e+17,20301.5,4.98106,3.78244e+17,7.21483
7,0,1.26479e+17,-1484.81,3.00074,3.62314e+19,24.6608
7,1,2.54741e+17,-1454.52,5.84876,3.78138e+19,24.6608
7,2,2.82165e+17,-1410.79,5.86979,3.78266e+19,24.6608
7,3,3.10326e+17,-1374.56,5.88464,3.78268e+19,24.6608
7,4,3.41687e+17,-1326.72,5.8848,3.78269e+19,24.6608
7,5,3.76346e+17,-1266.92,5.87364,3.78271e+19,24.6608
7,6,4.14282e+17,-1195.2,5.8545,3.78272e+19,24.6608
7,7,4.55397e+17,-1111.62,5.8304,3.78274e+19,24.6608
7,8,4.99507e+17,-1016.23,5.804,3.78276e+19,24.6608
7,9,5.46335e+17,-909.067,5.7776,3.78278e+19,24.6608
7,10,5.95513e+17,-790.189,5.75317,3.7828e+19,24.6608
7,11,6.46578e+17,-659.642,5.73242,3.78282e+19,24.6608
7,12,6.98977e+17,-517.477,5.71684,3.78284e+19,24.6608
7,13,7.52071e+17,-363.743,5.70778,3.78284e+19,24.6608
7,14,8.05152e+17,-198.478,5.70714,3.7828e+19,24.6608
7,15,8.57452e+17,-21.7228,5.71656,3.78267e+19,24.6608
7,16,9.08159e+17,166.456,5.73673,3.78228e+19,24.6608
7,17,9.56443e+17,366.015,5.76943,3.78124e+19,24.6608
7,18,1.00148e+18,576.931,5.8169,3.77849e+19,24.6608
7,19,1.04246e+18,799.21,5.88241,3.77129e+19,24.6608
7,20,1.07863e+18,1032.94,5.97126,3.75259e+19,24.6608
7,21,1.1093e+18,1278.4,6.09368,3.70461e+19,24.6608
7,22,1.13385e+18,1536.44,6.27078,3.58495e+19,24.6608
7,23,1.15173e+18,1809.39,6.5442,3.30646e+19,24.6608
7,24,1.16243e+18,2102.2,6.98277,2.75068e+19,24.6608
7,25,1.16554e+18,2421.42,7.65198,1.91742e+19,24.6608
7,26,1.16115e+18,2765.88,8.50784,1.08196e+19,24.6608
7,27,1.15016e+18,3120.81,9.37466,5.21768e+18,24.6608
7,28,1.13283e+18,3474.96,10.1348,2.39801e+18,24.6608
7,29,1.10909e+18,3830.29,10.8455,1.18292e+18,24.6608
7,30,1.07924e+18,4192.67,11.602,6.94868e+17,24.6608
7,31,1.0439e+18,4566.31,12.4749,5.0441e+17,24.6608
7,32,1.0038e+18,4953.67,13.5168,4.30874e+17,24.6608
7,33,9.59701e+17,5356.2,14.776,4.0254e+17,24.6608
7,34,9.12416e+17,5775,16.3077,3.91566e+17,24.6608
7,35,8.62753e+17,6211.07,18.1804,3.87236e+17,24.6608
7,36,8.11518e+17,6665.33,20.4814,3.85441e+17,24.6608
7,37,7.59489e+17,7138.7,23.3226,3.84611e+17,24.6608
7,38,7.074e+17,7632.03,26.8469,3.84145e+17,24.6608
7,39,6.55925e+17,8145.99,31.2316,3.8382e+17,24.6608
7,40,6.05668e+17,8680.81,36.6848,3.8355e+17,24.6608
7,41,5.5715e+17,9235.84,43.4124,3.83306e+17,24.6608
7,42,5.10805e+17,9808.22,51.4781,3.83081e+17,24.6608
7,43,4.66971e+17,10389,60.1335,3.8287e+17,24.6608
7,44,4.2593e+17,10929.6,66.699,3.82669e+17,24.6608
7,45,3.89291e+17,2927.07,-581.389,3.82481e+17,24.6608
7,46,3.47349e+17,13108.9,130.44,3.82476e+17,24.6608
7,47,3.22335e+17,13699.1,155.766,3.82134e+17,24.6608
7,48,3.0196e+17,13443.8,181.309,3.81835e+17,24.6608
7,49,2.53115e+17,15625.2,193.991,3.81906e+17,24.6608
7,50,3.17462e+17,12670.1,143.393,3.8189e+17,24.6608
7,51,2.76842e+17,8473.97,52.8401,3.78056e+17,24.6608
7,52,2.16427e+17,7743.8,62.9607,3.78066e+17,24.6608
7,53,1.90514e+17,7790.8,70.8796,3.7807e+17,24.6608
7,54,1.76126e+17,8059.68,77.6717,3.78072e+17,24.6608
7,55,1.65233e+17,8371.86,83.829,3.78074e+17,24.6608
7,56,1.56216e+17,8687.04,89.3276,3.78076e+17,24.6608
7,57,1.48698e+17,8998.74,94.0859,3.78079e+17,24.6608
7,58,1.42468e+17,9305.88,98.0632,3.78083e+17,24.6608
7,59,1.37345e+17,9608.22,101.259,3.78087e+17,24.6608
7,60,1.33165e+17,9905.84,103.703,3.78091e+17,24.6608
7,61,1.29778e+17,10199,105.445,3.78095e+17,24.6608
7,62,1.27057e+17,10488.2,106.551,3.781e+17,24.6608
7,63,1.24885e+17,10773.8,107.091,3.78104e+17,24.6608
7,64,1.23164e+17,11056.4,107.141,3.78108e+17,24.6608
7,65,1.21811e+17,11336.4,106.773,3.78112e+17,24.6608
7,66,1.20755e+17,11614.3,106.054,3.78116e+17,24.6608
7,67,1.19937e+17,11890.4,105.046,3.7812e+17,24.6608
7,68,1.19307e+17,12165,103.802,3.78124e+17,24.6608
7,69,1.18826e+17,12438.5,102.368,3.78127e+17,24.6608
7,70,1.18461e+17,12711.1,100.781,3.78131e+17,24.6608
7,71,1.18185e+17,12982.9,99.0736,3.78134e+17,24.6608
7,72,1.17978e+17,13254.1,97.2703,3.78138e+17,24.6608
7,73,1.17825e+17,13524.8,95.3921,3.78141e+17,24.6608
7,74,1.17711e+17,13795.1,93.4556,3.78145e+17,24.6608
7,75,1.17626e+17,14065.1,91.474,3.78148e+17,24.6608
7,76,1.17564e+17,14334.9,89.4583,3.78151e+17,24.6608
7,77,1.17519e+17,14604.5,87.4169,3.78154e+17,24.6608
7,78,1.17486e+17,14873.9,85.3573,3.78157e+17,24.6608
7,79,1.17461e+17,15143.2,83.2855,3.7816e+17,24.6608
7,80,1.17443e+17,15412.4,81.2065,3.78163e+17,24.6608
7,81,1.17429e+17,15681.6,79.125,3.78166e+17,24.6608
7,82,1.17419e+17,15950.8,77.045,3.78169e+17,24.6608
7,83,1.1741e+17,16219.9,74.97,3.78172e+17,24.6608
7,84,1.17404e+17,16489.1,72.9034,3.78175e+17,24.6608
7,85,1.17398e+17,16758.3,70.8482,3.78178e+17,24.6608
7,86,1.17394e+17,17027.5,68.8073,3.78181e+17,24.6608
7,87,1.1739e+17,17296.8,66.7835,3.78183e+17,24.6608
7,88,1.17386e+17,17566.2,64.7792,3.78186e+17,24.6608
7,89,1.17382e+17,17835.7,62.7968,3.78189e+17,24.6608
7,90,1.17379e+17,18105.3,60.8387,3.78191e+17,24.6608
7,91,1.17376e+17,18375,58.907,3.78194e+17,24.6608
7,92,1.17372e+17,18646.9,56.109,3.78196e+17,24.6608
7,93,1.17363e+17,18923.7,51.8231,3.78199e+17,24.6608
7,94,1.17342e+17,19206.1,46.8839,3.78203e+17,24.6608
7,95,1.17317e+17,19491.3,42.4906,3.78209e+17,24.6608
7,96,1.17291e+17,19780.6,37.1832,3.78217e+17,24.6608
7,97,1.17255e+17,20068.4,33.7822,3.78229e+17,24.6608
7,98,1.17218e+17,20356.4,30.7274,3.7824e+17,24.6608
7,99,1.17554e+17,20287.2,4.98106,3.78242e+17,24.6608
8,0,1.26479e+17,-1484.81,3.00074,3.62314e+19,nan
8,1,nan,nan,nan,nan,nan
8,2,nan,nan,nan,nan,nan
8,3,nan,nan,nan,nan,nan
8,4,nan,nan,nan,nan,nan
8,5,nan,nan,nan,nan,nan
8,6,nan,nan,nan,nan,nan
8,7,nan,nan,nan,nan,nan
8,8,nan,nan,nan,nan,nan
8,9,nan,nan,nan,nan,nan
8,10,nan,nan,nan,nan,nan
8,11,nan,nan,nan,nan,nan
8,12,nan,nan,nan,nan,nan
8,13,nan,nan,nan,nan,nan
8,14,nan,nan,nan,nan,nan
8,15,nan,nan,nan,nan,nan
8,16,nan,nan,nan,nan,nan
8,17,nan,nan,nan,nan,nan
8,18,nan,nan,nan,nan,nan
8,19,nan,nan,nan,nan,nan
8,20,nan,nan,nan,nan,nan
8,21,nan,nan,nan,nan,nan
8,22,nan,nan,nan,nan,nan
8,23,nan,nan,nan,nan,nan
8,24,nan,nan,nan,nan,nan
8,25,nan,nan,nan,nan,nan
8,26,nan,nan,nan,nan,nan
8,27,nan,nan,nan,nan,nan
8,28,nan,nan,nan,nan,nan
8,29,nan,nan,nan,nan,nan
8,30,nan,nan,nan,nan,nan
8,31,nan,nan,nan,nan,nan
8,32,nan,nan,nan,nan,nan
8,33,nan,nan,nan,nan,nan
8,34,nan,nan,nan,nan,nan
8,35,nan,nan,nan,nan,nan
8,36,nan,nan,nan,nan,nan
8,37,nan,nan,nan,nan,nan
8,38,nan,nan,nan,nan,nan
8,39,nan,nan,nan,nan,nan
8,40,nan,nan,nan,nan,nan
8,41,nan,nan,nan,nan,nan
8,42,nan,nan,nan,nan,nan
8,43,nan,nan,nan,nan,nan
8,44,nan,nan,nan,nan,nan
8,45,nan,nan,nan,nan,nan
8,46,nan,nan,nan,nan,nan
8,47,nan,nan,nan,nan,nan
8,48,nan,nan,nan,nan,nan
8,49,nan,nan,nan,nan,nan
8,50,nan,nan,nan,nan,nan
8,51,nan,nan,nan,nan,nan
8,52,nan,nan,nan,nan,nan
8,53,nan,nan,nan,nan,nan
8,54,nan,nan,nan,nan,nan
8,55,nan,nan,nan,nan,nan
8,56,nan,nan,nan,nan,nan
8,57,nan,nan,nan,nan,nan
8,58,nan,nan,nan,nan,nan
8,59,nan,nan,nan,nan,nan
8,60,nan,nan,nan,nan,nan
8,61,nan,nan,nan,nan,nan
8,62,nan,nan,nan,nan,nan
8,63,nan,nan,nan,nan,nan
8,64,nan,nan,nan,nan,nan
8,65,nan,nan,nan,nan,nan
8,66,nan,nan,nan,nan,nan
8,67,nan,nan,nan,nan,nan
8,68,nan,nan,nan,nan,nan
8,69,nan,nan,nan,nan,nan
8,70,nan,nan,nan,nan,nan
8,71,nan,nan,nan,nan,nan
8,72,nan,nan,nan,nan,nan
8,73,nan,nan,nan,nan,nan
8,74,nan,nan,nan,nan,nan
8,75,nan,nan,nan,nan,nan
8,76,nan,nan,nan,nan,nan
8,77,nan,nan,nan,nan,nan
8,78,nan,nan,nan,nan,nan
8,79,nan,nan,nan,nan,nan
8,80,nan,nan,nan,nan,nan
8,81,nan,nan,nan,nan,nan
8,82,nan,nan,nan,nan,nan
8,83,nan,nan,nan,nan,nan
8,84,nan,nan,nan,nan,nan
8,85,nan,nan,nan,nan,nan
8,86,nan,nan,nan,nan,nan
8,87,nan,nan,nan,nan,nan
8,88,nan,nan,nan,nan,nan
8,89,nan,nan,nan,nan,nan
8,90,nan,nan,nan,nan,nan
8,91,nan,nan,nan,nan,nan
8,92,nan,nan,nan,nan,nan
8,93,nan,nan,nan,nan,nan
8,94,nan,nan,nan,nan,nan
8,95,nan,nan,nan,nan,nan
8,96,nan,nan,nan,nan,nan
8,97,nan,nan,nan,nan,nan
8,98,nan,nan,nan,nan,nan
8,99,1.17218e+17,20356.4,4.98106,3.7824e+17,nan
